print(table(c( 3,4,3,1,2)))
print(table(c( 2,3,2,0,1)))
print(table(c( 1,2,1,6,0,8)))
print(table(c( 0,1,0,5,6,7,8)))
print(table(c( 6,0,6,4,5,6,7,8,8)))
print(table(c( 5,6,5,3,4,5,6,7,7,8)))
print(table(c( 4,5,4,2,3,4,5,6,6,7)))
print(table(c( 3,4,3,1,2,3,4,5,5,6)))
print(table(c( 2,3,2,0,1,2,3,4,4,5)))
print(table(c( 1,2,1,6,0,1,2,3,3,4,8)))
print(table(c( 0,1,0,5,6,0,1,2,2,3,7,8)))
print(table(c( 6,0,6,4,5,6,0,1,1,2,6,7,8,8,8)))
print(table(c( 5,6,5,3,4,5,6,0,0,1,5,6,7,7,7,8,8)))
print(table(c( 4,5,4,2,3,4,5,6,6,0,4,5,6,6,6,7,7,8,8)))
print(table(c( 3,4,3,1,2,3,4,5,5,6,3,4,5,5,5,6,6,7,7,8)))
print(table(c( 2,3,2,0,1,2,3,4,4,5,2,3,4,4,4,5,5,6,6,7)))
print(table(c( 1,2,1,6,0,1,2,3,3,4,1,2,3,3,3,4,4,5,5,6,8)))
print(table(c( 0,1,0,5,6,0,1,2,2,3,0,1,2,2,2,3,3,4,4,5,7,8)))
print(table(c( 6,0,6,4,5,6,0,1,1,2,6,0,1,1,1,2,2,3,3,4,6,7,8,8,8,8)))


> print(table(c( 3,4,3,1,2)))

1 2 3 4 
1 1 2 1 
> print(table(c( 2,3,2,0,1)))

0 1 2 3 
1 1 2 1 
> print(table(c( 1,2,1,6,0,8)))

0 1 2 6 8 
1 2 1 1 1 
> print(table(c( 0,1,0,5,6,7,8)))

0 1 5 6 7 8 
2 1 1 1 1 1 
> print(table(c( 6,0,6,4,5,6,7,8,8)))

0 4 5 6 7 8 
1 1 1 3 1 2 
> print(table(c( 5,6,5,3,4,5,6,7,7,8)))

3 4 5 6 7 8 
1 1 3 2 2 1 
> print(table(c( 4,5,4,2,3,4,5,6,6,7)))

2 3 4 5 6 7 
1 1 3 2 2 1 
> print(table(c( 3,4,3,1,2,3,4,5,5,6)))

1 2 3 4 5 6 
1 1 3 2 2 1 
> print(table(c( 2,3,2,0,1,2,3,4,4,5)))

0 1 2 3 4 5 
1 1 3 2 2 1 
> print(table(c( 1,2,1,6,0,1,2,3,3,4,8)))

0 1 2 3 4 6 8 
1 3 2 2 1 1 1 
> print(table(c( 0,1,0,5,6,0,1,2,2,3,7,8)))

0 1 2 3 5 6 7 8 
3 2 2 1 1 1 1 1 
> print(table(c( 6,0,6,4,5,6,0,1,1,2,6,7,8,8,8)))

0 1 2 4 5 6 7 8 
2 2 1 1 1 4 1 3 
> print(table(c( 5,6,5,3,4,5,6,0,0,1,5,6,7,7,7,8,8)))

0 1 3 4 5 6 7 8 
2 1 1 1 4 3 3 2 
> print(table(c( 4,5,4,2,3,4,5,6,6,0,4,5,6,6,6,7,7,8,8)))

0 2 3 4 5 6 7 8 
1 1 1 4 3 5 2 2 
> print(table(c( 3,4,3,1,2,3,4,5,5,6,3,4,5,5,5,6,6,7,7,8)))

1 2 3 4 5 6 7 8 
1 1 4 3 5 3 2 1 
> print(table(c( 2,3,2,0,1,2,3,4,4,5,2,3,4,4,4,5,5,6,6,7)))

0 1 2 3 4 5 6 7 
1 1 4 3 5 3 2 1 
> print(table(c( 1,2,1,6,0,1,2,3,3,4,1,2,3,3,3,4,4,5,5,6,8)))

0 1 2 3 4 5 6 8 
1 4 3 5 3 2 2 1 
> print(table(c( 0,1,0,5,6,0,1,2,2,3,0,1,2,2,2,3,3,4,4,5,7,8)))

0 1 2 3 4 5 6 7 8 
4 3 5 3 2 2 1 1 1 
> print(table(c( 6,0,6,4,5,6,0,1,1,2,6,0,1,1,1,2,2,3,3,4,6,7,8,8,8,8)))

0 1 2 3 4 5 6 7 8 
3 5 3 2 2 1 5 1 4 